2.00
1.00
2.00
2.00
1.00
1.00
1.00
2.00
1.00
1.00
1.00
2.00
1.00
2.00
1.00
2.00
1.00
1.00
1.00
2.00
1.00
1.00
2.00
1.00
1.00
1.00
2.00
2.00
1.00
1.00
1.00
1.00
2.00
2.00
1.00
1.00
1.00
1.00
1.00
1.00
1.00
2.00
2.00
1.00
1.00
1.00
2.00
2.00
2.00
2.00
1.00
1.00
2.00
2.00
1.00
2.00
1.00
1.00
2.00
2.00
1.00
2.00
1.00
2.00
1.00
2.00
1.00
1.00
1.00
2.00
1.00
1.00
1.00
1.00
2.00
1.00
1.00
1.00
1.00
2.00
1.00
1.00
1.00
1.00
1.00
1.00
2.00
2.00
2.00
2.00
2.00
2.00
2.00
1.00
2.00
1.00
1.00
1.00
2.00
1.00
2.00
2.00
1.00
2.00
1.00
2.00
2.00
1.00
1.00
1.00
1.00
1.00
1.00
1.00
2.00
2.00
1.00
1.00
1.00
2.00
2.00
1.00
2.00
1.00
1.00
1.00
2.00
2.00
2.00
1.00
2.00
2.00
1.00
1.00
1.00
2.00
1.00
1.00
1.00
2.00
2.00
2.00
1.00
1.00
1.00
2.00
1.00
2.00
